1000.00
1001.00
1002.00
1003.00
1004.00
1005.00
1006.00
1007.00
1008.00
1009.00
1010.00
1011.00
1012.00
1013.00
1014.00
1015.00
1015.25
1015.50
1015.75
1016.00
1016.25
1016.50
1016.75
1017.00
1017.25
1017.50
1017.75
1018.00
1018.25
1018.50
1018.75
1019.00
1019.25
1019.50
1019.75
1020.00
1020.25
1020.50
1020.75
1021.00
1021.25
1021.50
1021.75
1022.00
1022.25
1022.50
1022.75
1023.00
1023.25
1023.50
1023.75
1024.00
1024.25
1024.50
1024.75
1025.00
1025.25
1025.50
1025.75
1026.00
1026.25
1026.50
1026.75
1027.00
1027.25
1027.50
1027.75
1028.00
1028.25
1028.50
1028.75
1029.00
1029.25
1029.50
1029.75
1030.00
1030.25
1030.50
1030.75
1031.00
1031.25
1031.50
1031.75
1032.00
1032.25
1032.50
1032.75
1033.00
1033.25
1033.50
1033.75
1034.00
1034.25
1034.50
1034.75
1035.00
1035.25
1035.50
1035.75
1036.00
1036.25
1036.50
1036.75
1037.00
1037.25
1037.50
1037.75
1038.00
1038.25
1038.50
1038.75
1039.00
1039.25
1039.50
1039.75
1040.00
1041.00
1042.00
1043.00
1044.00
1045.00
1046.00
1047.00
1048.00
1049.00
1050.00
1051.00
1052.00
1053.00
1054.00
1055.00
1056.00
1057.00
1058.00
1059.00
1060.00
1061.00
1062.00
1063.00
1064.00
1065.00
1066.00
1067.00
1068.00
1069.00
1070.00
1071.00
1072.00
1073.00
1074.00
1075.00
1076.00
1077.00
1078.00
1079.00
1080.00
1081.00
1082.00
1083.00
1084.00
1085.00
1086.00
1087.00
1088.00
1089.00
1090.00
1091.00
1092.00
1093.00
1094.00
1095.00
1096.00
1097.00
1098.00
1099.00
1100.00
1101.00
1102.00
1103.00
1104.00
1105.00
1106.00
1107.00
1108.00
1109.00
1110.00
1111.00
1112.00
1113.00
1114.00
1115.00
1116.00
1117.00
1118.00
1119.00
1120.00
1121.00
1122.00
1123.00
1124.00
1125.00
1126.00
1127.00
1128.00
1129.00
1130.00
1131.00
1132.00
1133.00
1134.00
1135.00
1136.00
1137.00
1138.00
1139.00
1140.00
1141.00
1142.00
1143.00
1144.00
1145.00
1146.00
1147.00
1148.00
1149.00
1150.00
1151.00
1152.00
1153.00
1154.00
1155.00
1156.00
1157.00
1158.00
1159.00
1160.00
1161.00
1162.00
1163.00
1164.00
1165.00
1166.00
1167.00
1168.00
1169.00
1170.00
1171.00
1172.00
1173.00
1174.00
1175.00
1176.00
1177.00
1178.00
1179.00
1180.00
1181.00
1182.00
1183.00
1184.00
1185.00
1186.00
1187.00
1188.00
1189.00
1190.00
1191.00
1192.00
1193.00
1194.00
1195.00
1196.00
1197.00
1198.00
1199.00
