390.00
391.00
392.00
393.00
394.00
395.00
396.00
397.00
398.00
399.00
400.00
400.25
400.50
400.75
401.00
401.25
401.50
401.75
402.00
402.25
402.50
402.75
403.00
403.25
403.50
403.75
404.00
404.25
404.50
404.75
405.00
405.25
405.50
405.75
406.00
406.25
406.50
406.75
407.00
407.25
407.50
407.75
408.00
408.25
408.50
408.75
409.00
409.25
409.50
409.75
410.00
410.25
410.50
410.75
411.00
411.25
411.50
411.75
412.00
412.25
412.50
412.75
413.00
413.25
413.50
413.75
414.00
414.25
414.50
414.75
415.00
415.25
415.50
415.75
416.00
416.25
416.50
416.75
417.00
417.25
417.50
417.75
418.00
418.25
418.50
418.75
419.00
419.25
419.50
419.75
420.00
420.25
420.50
420.75
421.00
421.25
421.50
421.75
422.00
422.25
422.50
422.75
423.00
423.25
423.50
423.75
424.00
424.25
424.50
424.75
425.00
426.00
427.00
428.00
429.00
430.00
431.00
432.00
433.00
434.00
435.00
436.00
437.00
438.00
439.00
