Date: 11/15/2024

From File
Beamline Energy
Y:\Collins\2024Nov\Macros\carbon_nexafs.txt
: -3.00000000
: 3.00000000
: 0.50000000
Delay After Move (s): 0.10000000
Count Time (s): 5.00000000
Scan Number: 1
Bi-directional: No
Stay at End: 0
Description Length: 7
pol=100
Time of Day	Time (s)	Beamline Energy	EPU Polarization	Coolstage Temp C	CCD Temperature	Beam Current	TEY signal	Izero	Photodiode	AI 0	AI 3 Izero	AI 5	AI 6 BeamStop	AI 7	Temperature Controller	PZT Shutter	Pause Trigger	LV Memory	Time Stamp Error	Time Stamp Transmit Time	Time Stamp Server Time	Camera Temp Setpoint
21:38:39	70.20200000	249.99838700	100.00000000	0.00000000	-40.00000000	496.14123535	0.01351283	-0.13288625	-1.32193494E-5	0.04568898	0.13167698	0.13152043	-0.91107544	0.00016513	0.00000000	8.50000000	0.00000000	1212316.00000000	-0.00577021	0.00010000	0.00820961	-40.00000000
21:38:54	15.25200000	270.00017626	100.00000000	0.00000000	-40.00000000	495.71128845	0.01519395	-0.13439325	-2.20265979E-5	0.04174399	0.18418765	0.18393875	-0.90621649	0.00014584	0.00000000	8.50000000	0.00000000	1212296.00000000	-0.00577021	0.00010000	0.00820961	-40.00000000
21:39:01	22.29900000	271.00170626	100.00000000	0.00000000	-40.00000000	495.51487732	0.01513583	-0.13167809	-1.82360949E-5	0.03870712	0.18615904	0.18610367	-0.90172575	0.00015376	0.00000000	8.50000000	0.00000000	1212296.00000000	-0.00577021	0.00010000	0.00820961	-40.00000000
21:39:07	28.67400000	272.01740063	100.00000000	0.00000000	-40.00000000	495.32995605	0.01520771	-0.13085522	-3.09883596E-5	0.03809005	0.18821518	0.18808506	-0.90439521	0.00015879	0.00000000	8.50000000	0.00000000	1212300.00000000	-0.00577021	0.00010000	0.00820961	-40.00000000
21:39:14	35.46900000	272.99794396	100.00000000	0.00000000	-40.00000000	495.13778687	0.01541727	-0.13602583	-2.91637896E-5	0.04442746	0.18856458	0.18853292	-0.90227147	0.00014893	0.00000000	8.50000000	0.00000000	1212308.00000000	-0.00577021	0.00010000	0.00820961	-40.00000000
21:39:21	42.16000000	274.00372847	100.00000000	0.00000000	-40.00000000	494.94865417	0.01530117	-0.13581016	-2.74772952E-5	0.04350663	0.18904212	0.18894645	-0.90270543	0.00013486	0.00000000	8.50000000	0.00000000	1212328.00000000	-0.00577021	0.00010000	0.00820961	-40.00000000
21:39:28	49.00800000	275.01009517	100.00000000	0.00000000	-40.00000000	494.75583245	0.01537878	-0.13366046	-3.31186683E-5	0.03628396	0.18906263	0.18890493	-0.90220244	0.00015402	0.00000000	8.50000000	0.00000000	1212324.00000000	-0.00577021	0.00010000	0.00820961	-40.00000000
21:39:34	55.37600000	276.00316379	100.00000000	0.00000000	-40.00000000	494.81178284	0.01538806	-0.13248123	-1.93998747E-5	0.04259917	0.19025436	0.19018788	-0.90107482	0.00014255	0.00000000	8.50000000	0.00000000	1212320.00000000	-0.00577021	0.00010000	0.00820961	-40.00000000
21:39:41	62.07900000	277.00574838	100.00000000	0.00000000	-40.00000000	495.52584839	0.01547691	-0.13450305	-3.01073060E-5	0.03793797	0.19126921	0.19108781	-0.90329718	0.00015527	0.00000000	8.50000000	0.00000000	1212320.00000000	-0.00577021	0.00010000	0.00820961	-40.00000000
21:39:47	68.63500000	278.00863670	100.00000000	0.00000000	-40.00000000	495.54016113	0.01541757	-0.13274324	-5.61861825E-6	0.04311785	0.19165645	0.19140140	-0.90137070	0.00016050	0.00000000	8.50000000	0.00000000	1212528.00000000	-0.00577021	0.00010000	0.00820961	-40.00000000
21:39:56	76.96500000	279.01646044	100.00000000	0.00000000	-40.00000000	496.54270935	0.01533937	-0.13178230	-1.28774479E-5	0.04118137	0.18938396	0.18910041	-0.90847830	0.00015057	0.00000000	8.50000000	0.00000000	1212308.00000000	-0.00577021	0.00010000	0.00820961	-40.00000000
21:40:04	85.20300000	279.99134293	100.00000000	0.00000000	-40.00000000	496.40187073	0.01528578	-0.13487815	-8.00535299E-6	0.04265878	0.18591063	0.18591543	-0.90302760	0.00014488	0.00000000	8.50000000	0.00000000	1212340.00000000	-0.00577021	0.00010000	0.00820961	-40.00000000
21:40:10	91.43100000	280.19520264	100.00000000	0.00000000	-40.00000000	496.26742554	0.01518857	-0.13209856	-6.71007272E-6	0.05279451	0.18505177	0.18496892	-0.90219915	0.00015705	0.00000000	8.50000000	0.00000000	1212244.00000000	-0.00577021	0.00010000	0.00820961	-40.00000000
21:40:16	97.84700000	280.39698378	100.00000000	0.00000000	-40.00000000	496.51748657	0.01521639	-0.13365980	-1.06386513E-5	0.04289232	0.18443625	0.18433706	-0.90762683	0.00016576	0.00000000	8.50000000	0.00000000	1212232.00000000	-0.00577021	0.00010000	0.00820961	-40.00000000
21:40:23	104.13900000	280.60381388	100.00000000	0.00000000	-40.00000000	496.77372742	0.01508425	-0.13118661	-1.47381806E-5	0.04047104	0.18376040	0.18382053	-0.90501655	0.00014857	0.00000000	8.50000000	0.00000000	1212264.00000000	-0.00577021	0.00010000	0.00820961	-40.00000000
21:40:29	110.49400000	280.79903668	100.00000000	0.00000000	-40.00000000	497.04075623	0.01515368	-0.13436793	-5.75340632E-6	0.03714246	0.18262966	0.18260316	-0.90388893	0.00016287	0.00000000	8.50000000	0.00000000	1212264.00000000	-0.00577021	0.00010000	0.00820961	-40.00000000
21:40:36	116.92200000	281.00168871	100.00000000	0.00000000	-40.00000000	497.91848755	0.01509536	-0.13037558	-1.71577905E-5	0.03795642	0.18177188	0.18147380	-0.90118002	0.00017865	0.00000000	8.50000000	0.00000000	1212276.00000000	-0.00577021	0.00010000	0.00820961	-40.00000000
21:40:42	123.07500000	281.20702276	100.00000000	0.00000000	-40.00000000	497.85939026	0.01519589	-0.13172148	-7.76536454E-6	0.03357377	0.18088294	0.18064785	-0.90277446	0.00016356	0.00000000	8.50000000	0.00000000	1212280.00000000	-0.00577021	0.00010000	0.00820961	-40.00000000
21:40:48	129.31400000	281.39351563	100.00000000	0.00000000	-40.00000000	499.01560974	0.01507585	-0.13606758	-2.16386713E-5	0.03658404	0.18005225	0.17984829	-0.90541762	0.00015274	0.00000000	8.50000000	0.00000000	1212284.00000000	-0.00577021	0.00010000	0.00820961	-40.00000000
21:40:54	135.57200000	281.60181892	100.00000000	0.00000000	-40.00000000	498.83306885	0.01502122	-0.13338135	-9.20858295E-6	0.03608329	0.17885490	0.17880549	-0.90075922	0.00017062	0.00000000	8.50000000	0.00000000	1212320.00000000	-0.00577021	0.00010000	0.00820961	-40.00000000
21:41:00	141.67400000	281.79843325	100.00000000	0.00000000	-40.00000000	500.27734375	0.01501666	-0.13460102	-1.53881405E-6	0.04615127	0.17810052	0.17796823	-0.90314924	0.00018183	0.00000000	8.50000000	0.00000000	1212420.00000000	-0.00577021	0.00010000	0.00820961	-40.00000000
21:41:06	147.66400000	282.00012791	100.00000000	0.00000000	-40.00000000	500.10334778	0.01496960	-0.13180334	-1.48894062E-5	0.04057117	0.17669892	0.17659855	-0.90626909	0.00018443	0.00000000	8.50000000	0.00000000	1212316.00000000	-0.00577021	0.00010000	0.00820961	-40.00000000
21:41:13	154.15800000	282.20211149	100.00000000	0.00000000	-40.00000000	500.61830139	0.01506331	-0.13416049	5.88207157E-7	0.04455722	0.17490913	0.17480978	-0.90301116	0.00017858	0.00000000	8.50000000	0.00000000	1212284.00000000	-0.00577021	0.00010000	0.00820961	-40.00000000
21:41:19	160.59200000	282.39956519	100.00000000	0.00000000	-40.00000000	500.98759460	0.01491281	-0.13269294	-3.75788565E-6	0.03608227	0.17309949	0.17273687	-0.90740328	0.00017769	0.00000000	8.50000000	0.00000000	1212300.00000000	-0.00577021	0.00010000	0.00820961	-40.00000000
21:41:26	166.96600000	282.60212153	100.00000000	0.00000000	-40.00000000	500.80181885	0.01478663	-0.13441757	-3.31078383E-6	0.04235968	0.17064164	0.17053924	-0.90278104	0.00016333	0.00000000	8.50000000	0.00000000	1212300.00000000	-0.00577021	0.00010000	0.00820961	-40.00000000
21:41:32	173.02800000	282.80255206	100.00000000	0.00000000	-40.00000000	500.62835693	0.01471587	-0.13310027	-5.31616702E-6	0.03725302	0.16792412	0.16776125	-0.90797860	0.00016836	0.00000000	8.50000000	0.00000000	1212296.00000000	-0.00577021	0.00010000	0.00820961	-40.00000000
21:41:38	179.23000000	283.00084714	100.00000000	0.00000000	-40.00000000	500.45373535	0.01459498	-0.12982590	-1.84358513E-7	0.03538933	0.16444889	0.16457740	-0.90288624	0.00015820	0.00000000	8.50000000	0.00000000	1212328.00000000	-0.00577021	0.00010000	0.00820961	-40.00000000
21:41:44	185.32900000	283.20184381	100.00000000	0.00000000	-40.00000000	500.21902466	0.01436395	-0.13241844	-1.09082274E-5	0.05143473	0.15706204	0.15694514	-0.90222874	0.00015583	0.00000000	8.50000000	0.00000000	1212328.00000000	-0.00577021	0.00010000	0.00820961	-40.00000000
21:41:50	191.51900000	283.40312617	100.00000000	0.00000000	-40.00000000	500.19793701	0.01442633	-0.13405003	-8.56751784E-6	0.03714864	0.15507882	0.15483206	-0.90147261	0.00015810	0.00000000	8.50000000	0.00000000	1213248.00000000	-0.00577021	0.00010000	0.00820961	-40.00000000
21:41:56	197.80300000	283.50023192	100.00000000	0.00000000	-40.00000000	500.42030334	0.01437364	-0.13168335	8.05183023E-7	0.04723233	0.15224301	0.15213034	-0.90476341	0.00016714	0.00000000	8.50000000	0.00000000	1212308.00000000	-0.00577021	0.00010000	0.00820961	-40.00000000
21:42:02	203.84200000	283.59254403	100.00000000	0.00000000	-40.00000000	500.26031494	0.01439034	-0.13254468	-1.00896365E-5	0.04204848	0.14904840	0.14901263	-0.90706138	0.00017155	0.00000000	8.50000000	0.00000000	1212300.00000000	-0.00577021	0.00010000	0.00820961	-40.00000000
21:42:09	210.01300000	283.69464317	100.00000000	0.00000000	-40.00000000	499.76303101	0.01443667	-0.13099067	-2.94563783E-5	0.04601983	0.14578416	0.14572840	-0.90096304	0.00015754	0.00000000	8.50000000	0.00000000	1212280.00000000	-0.00577021	0.00010000	0.00820961	-40.00000000
21:42:15	216.36600000	283.79924942	100.00000000	0.00000000	-40.00000000	499.54968262	0.01485966	-0.13329193	-1.86404591E-5	0.04196557	0.14270708	0.14246739	-0.91052313	0.00016244	0.00000000	8.50000000	0.00000000	1212284.00000000	-0.00577021	0.00010000	0.00820961	-40.00000000
21:42:21	222.63500000	283.90393284	100.00000000	0.00000000	-40.00000000	500.82464600	0.01664247	-0.13105839	-1.93275493E-5	0.03399306	0.14004853	0.14007000	-0.90564446	0.00015784	0.00000000	8.50000000	0.00000000	1212284.00000000	-0.00577021	0.00010000	0.00820961	-40.00000000
21:42:28	229.04500000	284.00138211	100.00000000	0.00000000	-40.00000000	500.63648987	0.02032020	-0.13579636	-1.84563583E-5	0.04305127	0.13759763	0.13733962	-0.90678852	0.00016579	0.00000000	8.50000000	0.00000000	1212284.00000000	-0.00577021	0.00010000	0.00820961	-40.00000000
21:42:34	235.48900000	284.09889830	100.00000000	0.00000000	-40.00000000	500.44679260	0.02461734	-0.13257131	-1.21476200E-5	0.04118515	0.13525024	0.13529301	-0.90536174	0.00016780	0.00000000	8.50000000	0.00000000	1212292.00000000	-0.00577021	0.00010000	0.00820961	-40.00000000
21:42:40	241.72000000	284.19404108	100.00000000	0.00000000	-40.00000000	500.26765442	0.02778042	-0.13251838	-2.52943863E-5	0.03916823	0.13298541	0.13305635	-0.90007213	0.00016970	0.00000000	8.50000000	0.00000000	1212292.00000000	-0.00577021	0.00010000	0.00820961	-40.00000000
21:42:46	247.77300000	284.29901598	100.00000000	0.00000000	-40.00000000	500.08912659	0.02929582	-0.13239279	-2.38971931E-5	0.03546954	0.13094209	0.13099840	-0.90103537	0.00015616	0.00000000	8.50000000	0.00000000	1212292.00000000	-0.00577021	0.00010000	0.00820961	-40.00000000
21:42:52	253.78700000	284.40651246	100.00000000	0.00000000	-40.00000000	500.89462280	0.02796143	-0.13306969	-1.70558776E-5	0.03847275	0.12920276	0.12931217	-0.90208080	0.00015547	0.00000000	8.50000000	0.00000000	1212292.00000000	-0.00577021	0.00010000	0.00820961	-40.00000000
21:42:59	259.95900000	284.49697017	100.00000000	0.00000000	-40.00000000	500.95957947	0.02657388	-0.13253876	-1.18879064E-5	0.04286924	0.12767703	0.12774630	-0.90594034	0.00015738	0.00000000	8.50000000	0.00000000	1212776.00000000	-0.00577021	0.00010000	0.00820961	-40.00000000
21:43:05	266.00500000	284.59727431	100.00000000	0.00000000	-40.00000000	500.78387451	0.02481837	-0.13011521	-1.05531760E-5	0.04097038	0.12641426	0.12644993	-0.90706138	0.00015642	0.00000000	8.50000000	0.00000000	1212316.00000000	-0.00577021	0.00010000	0.00820961	-40.00000000
21:43:11	272.30400000	284.69764919	100.00000000	0.00000000	-40.00000000	500.60214233	0.02354826	-0.12862728	-1.77880255E-6	0.04701072	0.12558163	0.12558361	-0.90301774	0.00016007	0.00000000	8.50000000	0.00000000	1212276.00000000	-0.00577021	0.00010000	0.00820961	-40.00000000
21:43:17	278.73900000	284.80054568	100.00000000	0.00000000	-40.00000000	500.41926575	0.02271711	-0.12935184	3.03411710E-6	0.03867730	0.12613854	0.12629016	-0.89876698	0.00014459	0.00000000	8.50000000	0.00000000	1212264.00000000	-0.00577021	0.00010000	0.00820961	-40.00000000
21:43:23	284.66000000	284.89861151	100.00000000	0.00000000	-40.00000000	500.25048828	0.02335474	-0.13279617	-2.52835562E-6	0.03342080	0.12786445	0.12784492	-0.90852104	0.00015050	0.00000000	8.50000000	0.00000000	1212280.00000000	-0.00577021	0.00010000	0.00820961	-40.00000000
21:43:30	290.92600000	284.99919909	100.00000000	0.00000000	-40.00000000	500.07325745	0.02614590	-0.13283102	-2.98203246E-6	0.02090336	0.13100133	0.13096954	-0.90480286	0.00016408	0.00000000	8.50000000	0.00000000	1212272.00000000	-0.00577021	0.00010000	0.00820961	-40.00000000
21:43:36	297.03900000	285.10476971	100.00000000	0.00000000	-40.00000000	500.84117126	0.03135691	-0.13308350	-2.71574385E-6	0.03379653	0.13530840	0.13535995	-0.90329060	0.00014377	0.00000000	8.50000000	0.00000000	1212276.00000000	-0.00577021	0.00010000	0.00820961	-40.00000000
21:43:42	303.07400000	285.19812979	100.00000000	0.00000000	-40.00000000	501.08773804	0.03705590	-0.13194306	-9.90882332E-6	0.04009478	0.13939705	0.13951721	-0.89885246	0.00014337	0.00000000	8.50000000	0.00000000	1212264.00000000	-0.00577021	0.00010000	0.00820961	-40.00000000
21:43:48	309.45800000	285.30138841	100.00000000	0.00000000	-40.00000000	500.90046692	0.04162373	-0.13651336	-2.10502064E-5	0.03695948	0.14411917	0.14443184	-0.90704494	0.00014064	0.00000000	8.50000000	0.00000000	1212740.00000000	-0.00577021	0.00010000	0.00820961	-40.00000000
21:43:54	315.68600000	285.39979948	100.00000000	0.00000000	-40.00000000	500.72264099	0.04281307	-0.13302564	-1.94130247E-5	0.03863266	0.14868934	0.14911093	-0.90181451	0.00013939	0.00000000	8.50000000	0.00000000	1212284.00000000	-0.00577021	0.00010000	0.00820961	-40.00000000
21:44:01	322.00800000	285.50074131	100.00000000	0.00000000	-40.00000000	500.53981018	0.04220499	-0.13183162	-8.87325657E-6	0.04520305	0.15302093	0.15342362	-0.90675893	0.00014949	0.00000000	8.50000000	0.00000000	1212292.00000000	-0.00577021	0.00010000	0.00820961	-40.00000000
21:44:07	328.54500000	285.60421919	100.00000000	0.00000000	-40.00000000	500.35105896	0.03972312	-0.13189013	-1.95280877E-5	0.04196787	0.15710974	0.15750030	-0.90649593	0.00013972	0.00000000	8.50000000	0.00000000	1212292.00000000	-0.00577021	0.00010000	0.00820961	-40.00000000
21:44:13	334.65000000	285.69544044	100.00000000	0.00000000	-40.00000000	500.17398071	0.03643465	-0.13683620	-8.49848001E-6	0.03685382	0.15969823	0.16006824	-0.90631840	0.00014751	0.00000000	8.50000000	0.00000000	1212280.00000000	-0.00577021	0.00010000	0.00820961	-40.00000000
21:44:20	340.99800000	285.80152755	100.00000000	0.00000000	-40.00000000	500.24357605	0.03249637	-0.13344184	-4.75071470E-6	0.04454154	0.16271449	0.16286112	-0.90355689	0.00013798	0.00000000	8.50000000	0.00000000	1212296.00000000	-0.00577021	0.00010000	0.00820961	-40.00000000
21:44:26	347.02100000	285.89534455	100.00000000	0.00000000	-40.00000000	501.08213806	0.03034819	-0.13244375	1.08230181E-7	0.03453806	0.16492130	0.16518016	-0.90534201	0.00012910	0.00000000	8.50000000	0.00000000	1212296.00000000	-0.00577021	0.00010000	0.00820961	-40.00000000
21:44:32	353.04200000	285.99910870	100.00000000	0.00000000	-40.00000000	500.91049194	0.02852969	-0.13099198	-1.15098423E-5	0.04122144	0.16647035	0.16653551	-0.90447411	0.00014061	0.00000000	8.50000000	0.00000000	1212284.00000000	-0.00577021	0.00010000	0.00820961	-40.00000000
21:44:38	359.26100000	286.10294820	100.00000000	0.00000000	-40.00000000	500.72778320	0.02757253	-0.13153048	-1.82492449E-5	0.04136432	0.16725258	0.16744710	-0.90567076	0.00014837	0.00000000	8.50000000	0.00000000	1213172.00000000	-0.00577021	0.00010000	0.00820961	-40.00000000
21:44:44	365.34200000	286.20191307	100.00000000	0.00000000	-40.00000000	500.56024170	0.02606020	-0.13206141	-6.65747249E-6	0.04456790	0.16753152	0.16765536	-0.90213997	0.00014432	0.00000000	8.50000000	0.00000000	1212292.00000000	-0.00577021	0.00010000	0.00820961	-40.00000000
21:44:50	371.53200000	286.29846977	100.00000000	0.00000000	-40.00000000	500.38172913	0.02520907	-0.13212125	-5.27671684E-6	0.03907805	0.16767558	0.16776918	-0.89895437	0.00014695	0.00000000	8.50000000	0.00000000	1212300.00000000	-0.00577021	0.00010000	0.00820961	-40.00000000
21:44:57	377.92000000	286.39756997	100.00000000	0.00000000	-40.00000000	500.19804382	0.02397207	-0.13296022	1.66707229E-5	0.04533596	0.16739065	0.16730768	-0.90817914	0.00015544	0.00000000	8.50000000	0.00000000	1212276.00000000	-0.00577021	0.00010000	0.00820961	-40.00000000
21:45:03	384.21500000	286.49921889	100.00000000	0.00000000	-40.00000000	500.02001953	0.02373216	-0.13152982	-1.21895731E-7	0.03848820	0.16725797	0.16725389	-0.90184081	0.00014199	0.00000000	8.50000000	0.00000000	1212296.00000000	-0.00577021	0.00010000	0.00820961	-40.00000000
21:45:09	390.34800000	286.60093999	100.00000000	0.00000000	-40.00000000	501.16593933	0.02401701	-0.13101927	6.81475761E-6	0.03723320	0.16747843	0.16756640	-0.90339580	0.00014367	0.00000000	8.50000000	0.00000000	1212304.00000000	-0.00577021	0.00010000	0.00820961	-40.00000000
21:45:15	396.52100000	286.70024972	100.00000000	0.00000000	-40.00000000	500.99339294	0.02502872	-0.13349543	1.06841610E-5	0.03967940	0.16684907	0.16699809	-0.90047320	0.00012516	0.00000000	8.50000000	0.00000000	1212304.00000000	-0.00577021	0.00010000	0.00820961	-40.00000000
21:45:21	402.72300000	286.79962829	100.00000000	0.00000000	-40.00000000	500.81343079	0.02691861	-0.12991072	-7.65687660E-6	0.03325724	0.16631590	0.16650605	-0.90178492	0.00012325	0.00000000	8.50000000	0.00000000	1212320.00000000	-0.00577021	0.00010000	0.00820961	-40.00000000
21:45:27	408.68300000	286.89907577	100.00000000	0.00000000	-40.00000000	500.63961792	0.02876353	-0.13338661	9.17190474E-6	0.03818526	0.16551059	0.16569453	-0.90455958	0.00013502	0.00000000	8.50000000	0.00000000	1212316.00000000	-0.00577021	0.00010000	0.00820961	-40.00000000
21:45:33	414.79100000	286.99859223	100.00000000	0.00000000	-40.00000000	500.46018982	0.03238833	-0.13535057	1.09701746E-5	0.02765904	0.16444590	0.16468812	-0.90340238	0.00013952	0.00000000	8.50000000	0.00000000	1212296.00000000	-0.00577021	0.00010000	0.00820961	-40.00000000
21:45:40	421.53800000	287.10066828	100.00000000	0.00000000	-40.00000000	500.26956596	0.03592910	-0.13376007	-9.83224324E-7	0.04076665	0.16357497	0.16369999	-0.90272515	0.00014028	0.00000000	8.50000000	0.00000000	1212320.00000000	-0.00577021	0.00010000	0.00820961	-40.00000000
21:45:46	427.59600000	287.19783241	100.00000000	0.00000000	-40.00000000	500.09286499	0.03776479	-0.13451291	8.59658992E-6	0.03764026	0.16265611	0.16294597	-0.90695947	0.00013811	0.00000000	8.50000000	0.00000000	1212488.00000000	-0.00577021	0.00010000	0.00820961	-40.00000000
21:45:52	433.75200000	287.30254427	100.00000000	0.00000000	-40.00000000	500.92375183	0.03668399	-0.13389223	4.45761048E-6	0.04199565	0.16196652	0.16235145	-0.90152850	0.00013486	0.00000000	8.50000000	0.00000000	1212324.00000000	-0.00577021	0.00010000	0.00820961	-40.00000000
21:45:59	440.09000000	287.40234086	100.00000000	0.00000000	-40.00000000	501.17594910	0.03485444	-0.13247958	4.52993577E-6	0.04065569	0.16086832	0.16106745	-0.90441822	0.00013318	0.00000000	8.50000000	0.00000000	1212356.00000000	-0.00577021	0.00010000	0.00820961	-40.00000000
21:46:05	446.50900000	287.49970931	100.00000000	0.00000000	-40.00000000	500.99470520	0.03275634	-0.13282773	1.04244474E-5	0.03837649	0.16002449	0.15989220	-0.90096962	0.00014988	0.00000000	8.50000000	0.00000000	1212356.00000000	-0.00577021	0.00010000	0.00820961	-40.00000000
21:46:11	452.74300000	287.59964293	100.00000000	0.00000000	-40.00000000	500.81280518	0.03036264	-0.13047683	1.09077119E-5	0.03400706	0.15865951	0.15901269	-0.90397769	0.00014347	0.00000000	8.50000000	0.00000000	1212320.00000000	-0.00577021	0.00010000	0.00820961	-40.00000000
21:46:17	458.67000000	287.69964605	100.00000000	0.00000000	-40.00000000	500.64002991	0.02878461	-0.13343526	5.51290229E-6	0.03617159	0.15759810	0.15768700	-0.90504285	0.00014091	0.00000000	8.50000000	0.00000000	1212312.00000000	-0.00577021	0.00010000	0.00820961	-40.00000000
21:46:23	464.76600000	287.80222143	100.00000000	0.00000000	-40.00000000	500.46792603	0.02768909	-0.13199106	4.73144150E-7	0.04141932	0.15653696	0.15666277	-0.90250818	0.00012111	0.00000000	8.50000000	0.00000000	1212332.00000000	-0.00577021	0.00010000	0.00820961	-40.00000000
21:46:30	471.15000000	287.90236549	100.00000000	0.00000000	-40.00000000	500.59294128	0.02714537	-0.13248254	1.56187187E-5	0.03922707	0.15523330	0.15558467	-0.90328403	0.00012345	0.00000000	8.50000000	0.00000000	1212328.00000000	-0.00577021	0.00010000	0.00820961	-40.00000000
21:46:36	477.29300000	288.00508550	100.00000000	0.00000000	-40.00000000	500.41670227	0.02692644	-0.12992026	1.10096248E-5	0.04137096	0.15376483	0.15381605	-0.90860651	0.00012440	0.00000000	8.50000000	0.00000000	1212604.00000000	-0.00577021	0.00010000	0.00820961	-40.00000000
21:46:42	483.59500000	288.10035487	100.00000000	0.00000000	-40.00000000	500.23426819	0.02653526	-0.13114913	-1.45333873E-6	0.05337084	0.15205887	0.15230093	-0.89969406	0.00012335	0.00000000	8.50000000	0.00000000	1212624.00000000	-0.00577021	0.00010000	0.00820961	-40.00000000
21:46:49	489.97600000	288.19568729	100.00000000	0.00000000	-40.00000000	500.04765320	0.02599200	-0.13253613	-7.26798197E-7	0.03179193	0.15025764	0.15029716	-0.89988803	0.00014367	0.00000000	8.50000000	0.00000000	1212600.00000000	-0.00577021	0.00010000	0.00820961	-40.00000000
21:46:55	496.02700000	288.29359408	100.00000000	0.00000000	-40.00000000	500.75898743	0.02598586	-0.13494884	-5.30301697E-6	0.04171533	0.14913532	0.14911698	-0.90755451	0.00013311	0.00000000	8.50000000	0.00000000	1212604.00000000	-0.00577021	0.00010000	0.00820961	-40.00000000
21:47:01	502.23600000	288.39659347	100.00000000	0.00000000	-40.00000000	500.73213196	0.02652585	-0.13267092	9.47435602E-6	0.03821192	0.14774750	0.14770022	-0.90215312	0.00013627	0.00000000	8.50000000	0.00000000	1212604.00000000	-0.00577021	0.00010000	0.00820961	-40.00000000
21:47:07	508.61300000	288.50218138	100.00000000	0.00000000	-40.00000000	500.54817200	0.02708518	-0.13246512	9.87543262E-6	0.02995882	0.14676552	0.14698003	-0.90289281	0.00013900	0.00000000	8.50000000	0.00000000	1212616.00000000	-0.00577021	0.00010000	0.00820961	-40.00000000
21:47:14	515.05000000	288.60532989	100.00000000	0.00000000	-40.00000000	500.36408997	0.02757524	-0.13310125	6.34464322E-6	0.03890657	0.14627535	0.14625644	-0.90612115	0.00012789	0.00000000	8.50000000	0.00000000	1213504.00000000	-0.00577021	0.00010000	0.00820961	-40.00000000
21:47:20	521.62100000	288.70099682	100.00000000	0.00000000	-40.00000000	500.17617798	0.02807314	-0.12969572	6.32820561E-6	0.04133325	0.14535902	0.14553184	-0.90274816	0.00013078	0.00000000	8.50000000	0.00000000	1212632.00000000	-0.00577021	0.00010000	0.00820961	-40.00000000
21:47:27	528.01900000	288.79924727	100.00000000	0.00000000	-40.00000000	500.15185547	0.02882902	-0.13363679	-2.33767984E-6	0.04499455	0.14470737	0.14468061	-0.90693317	0.00013762	0.00000000	8.50000000	0.00000000	1212616.00000000	-0.00577021	0.00010000	0.00820961	-40.00000000
21:47:33	534.31900000	288.90260833	100.00000000	0.00000000	-40.00000000	500.89212036	0.02942611	-0.13212355	-3.31407134E-6	0.04319168	0.14360783	0.14378289	-0.90472067	0.00013828	0.00000000	8.50000000	0.00000000	1212604.00000000	-0.00577021	0.00010000	0.00820961	-40.00000000
21:47:39	540.72500000	288.99847246	100.00000000	0.00000000	-40.00000000	500.70935059	0.02971134	-0.12976508	-1.02267445E-6	0.03442648	0.14188477	0.14200776	-0.90108468	0.00012828	0.00000000	8.50000000	0.00000000	1212636.00000000	-0.00577021	0.00010000	0.00820961	-40.00000000
21:47:46	546.99300000	289.10702705	100.00000000	0.00000000	-40.00000000	500.52502441	0.02939817	-0.13035388	-2.33671218E-7	0.02905192	0.13971294	0.14006050	-0.89934559	0.00012197	0.00000000	8.50000000	0.00000000	1212652.00000000	-0.00577021	0.00010000	0.00820961	-40.00000000
21:47:52	553.02600000	289.20302690	100.00000000	0.00000000	-40.00000000	500.35725403	0.02902609	-0.13366013	1.35377226E-5	0.03286143	0.13757662	0.13764477	-0.89811606	0.00011868	0.00000000	8.50000000	0.00000000	1213128.00000000	-0.00577021	0.00010000	0.00820961	-40.00000000
21:47:58	558.98600000	289.30161938	100.00000000	0.00000000	-40.00000000	500.18774414	0.02795819	-0.13211336	4.12557163E-6	0.04288259	0.13519998	0.13543349	-0.90308020	0.00013837	0.00000000	8.50000000	0.00000000	1212624.00000000	-0.00577021	0.00010000	0.00820961	-40.00000000
21:48:04	564.96800000	289.39268749	100.00000000	0.00000000	-40.00000000	500.01686096	0.02695003	-0.13159426	1.51528591E-6	0.03981899	0.13276373	0.13294063	-0.90283693	0.00016017	0.00000000	8.50000000	0.00000000	1212644.00000000	-0.00577021	0.00010000	0.00820961	-40.00000000
21:48:10	570.99700000	289.49900612	100.00000000	0.00000000	-40.00000000	501.08816528	0.02600842	-0.13345499	1.82102471E-6	0.03324423	0.13014332	0.13035237	-0.90290925	0.00014331	0.00000000	8.50000000	0.00000000	1212664.00000000	-0.00577021	0.00010000	0.00820961	-40.00000000
21:48:16	577.63400000	289.60033460	100.00000000	0.00000000	-40.00000000	500.89920044	0.02505135	-0.13499585	7.43281015E-6	0.03634185	0.12732329	0.12763281	-0.90403358	0.00013380	0.00000000	8.50000000	0.00000000	1212660.00000000	-0.00577021	0.00010000	0.00820961	-40.00000000
21:48:22	583.62200000	289.70173403	100.00000000	0.00000000	-40.00000000	500.73200989	0.02434816	-0.13136906	6.07506708E-6	0.03265362	0.12449389	0.12459679	-0.90392509	0.00015415	0.00000000	8.50000000	0.00000000	1212684.00000000	-0.00577021	0.00010000	0.00820961	-40.00000000
21:48:29	589.97400000	289.80066686	100.00000000	0.00000000	-40.00000000	500.54850769	0.02358703	-0.13187238	4.59239855E-6	0.04216092	0.12124885	0.12126273	-0.90286323	0.00014847	0.00000000	8.50000000	0.00000000	1212688.00000000	-0.00577021	0.00010000	0.00820961	-40.00000000
21:48:35	596.18400000	289.90220663	100.00000000	0.00000000	-40.00000000	500.36958313	0.02243122	-0.13128129	1.10326374E-5	0.04398407	0.11731465	0.11719479	-0.89857631	0.00013282	0.00000000	8.50000000	0.00000000	1212704.00000000	-0.00577021	0.00010000	0.00820961	-40.00000000
21:48:41	602.28100000	290.00635877	100.00000000	0.00000000	-40.00000000	500.19616699	0.02177022	-0.13322223	6.10465474E-6	0.03969347	0.11358931	0.11383094	-0.90790298	0.00013410	0.00000000	8.50000000	0.00000000	1212696.00000000	-0.00577021	0.00010000	0.00820961	-40.00000000
21:48:47	608.35300000	290.10549979	100.00000000	0.00000000	-40.00000000	500.02507019	0.02106438	-0.13299803	-4.04061180E-6	0.03931071	0.11051328	0.11038668	-0.90186053	0.00015070	0.00000000	8.50000000	0.00000000	1212696.00000000	-0.00577021	0.00010000	0.00820961	-40.00000000
21:48:53	614.41900000	290.19707475	100.00000000	0.00000000	-40.00000000	501.15112305	0.02074145	-0.13485284	1.62137586E-5	0.03344243	0.10922688	0.10924795	-0.90499354	0.00015409	0.00000000	8.50000000	0.00000000	1212680.00000000	-0.00577021	0.00010000	0.00820961	-40.00000000
21:48:59	620.48300000	290.30143889	100.00000000	0.00000000	-40.00000000	500.98348999	0.02044923	-0.13204300	1.35311476E-5	0.03826797	0.10895947	0.10910458	-0.90375086	0.00014689	0.00000000	8.50000000	0.00000000	1213632.00000000	-0.00577021	0.00010000	0.00820961	-40.00000000
21:49:05	626.72800000	290.39823367	100.00000000	0.00000000	-40.00000000	500.79023473	0.02013479	-0.13244507	1.61480083E-5	0.03555216	0.10956848	0.10950776	-0.89978283	0.00015159	0.00000000	8.50000000	0.00000000	1212704.00000000	-0.00577021	0.00010000	0.00820961	-40.00000000
21:49:12	632.96500000	290.50274256	100.00000000	0.00000000	-40.00000000	500.27937317	0.02005349	-0.13082827	8.88917862E-6	0.04072273	0.11015836	0.11037892	-0.90457602	0.00013417	0.00000000	8.50000000	0.00000000	1212720.00000000	-0.00577021	0.00010000	0.00820961	-40.00000000
21:49:18	639.17000000	290.59456850	100.00000000	0.00000000	-40.00000000	500.17123413	0.02003695	-0.12933672	-1.02079870E-5	0.03878839	0.11055355	0.11058544	-0.90319198	0.00013782	0.00000000	8.50000000	0.00000000	1213060.00000000	-0.00577021	0.00010000	0.00820961	-40.00000000
21:49:24	645.48000000	290.69666542	100.00000000	0.00000000	-40.00000000	500.04505920	0.02010742	-0.12965199	-2.70259385E-6	0.04130781	0.11077122	0.11066214	-0.90200190	0.00014465	0.00000000	8.50000000	0.00000000	1212732.00000000	-0.00577021	0.00010000	0.00820961	-40.00000000
21:49:30	651.63800000	290.79627901	100.00000000	0.00000000	-40.00000000	500.98132324	0.01999538	-0.13056395	5.69700306E-6	0.04446750	0.11117401	0.11107597	-0.89871767	0.00012407	0.00000000	8.50000000	0.00000000	1212708.00000000	-0.00577021	0.00010000	0.00820961	-40.00000000
21:49:37	657.95000000	290.90107462	100.00000000	0.00000000	-40.00000000	501.06115723	0.01990504	-0.13390045	8.24482598E-6	0.04268866	0.11131422	0.11148888	-0.89896424	0.00013078	0.00000000	8.50000000	0.00000000	1212688.00000000	-0.00577021	0.00010000	0.00820961	-40.00000000
21:49:43	664.12300000	291.00594578	100.00000000	0.00000000	-40.00000000	500.88430786	0.02002202	-0.13461482	2.14902176E-5	0.04003846	0.11161151	0.11152659	-0.90518421	0.00014462	0.00000000	8.50000000	0.00000000	1212692.00000000	-0.00577021	0.00010000	0.00820961	-40.00000000
21:49:49	670.31400000	291.10065054	100.00000000	0.00000000	-40.00000000	500.70945740	0.02016714	-0.13238819	-2.95901990E-6	0.03610216	0.11204408	0.11184002	-0.90230764	0.00014324	0.00000000	8.50000000	0.00000000	1212704.00000000	-0.00577021	0.00010000	0.00820961	-40.00000000
21:49:55	676.63200000	291.19285488	100.00000000	0.00000000	-40.00000000	500.52886963	0.02023973	-0.13264758	1.51387417E-5	0.03318646	0.11230146	0.11250762	-0.90092688	0.00014455	0.00000000	8.50000000	0.00000000	1212700.00000000	-0.00577021	0.00010000	0.00820961	-40.00000000
21:50:01	682.64500000	291.29793655	100.00000000	0.00000000	-40.00000000	500.35583496	0.02024423	-0.13126945	2.41399535E-5	0.03146969	0.11305354	0.11308218	-0.90686413	0.00014653	0.00000000	8.50000000	0.00000000	1212692.00000000	-0.00577021	0.00010000	0.00820961	-40.00000000
21:50:07	688.87200000	291.40052835	100.00000000	0.00000000	-40.00000000	500.17910767	0.02037527	-0.13164456	1.00365208E-5	0.04145134	0.11374655	0.11391208	-0.90125892	0.00013837	0.00000000	8.50000000	0.00000000	1212696.00000000	-0.00577021	0.00010000	0.00820961	-40.00000000
21:50:13	694.89100000	291.50575997	100.00000000	0.00000000	-40.00000000	500.00538635	0.02046700	-0.13465164	-2.97545745E-6	0.03152068	0.11480398	0.11481105	-0.90283364	0.00014768	0.00000000	8.50000000	0.00000000	1212680.00000000	-0.00577021	0.00010000	0.00820961	-40.00000000
21:50:20	701.18400000	291.59565198	100.00000000	0.00000000	-40.00000000	501.24517822	0.02064430	-0.13215281	2.03921882E-5	0.03830131	0.11584599	0.11586575	-0.90462533	0.00015386	0.00000000	8.50000000	0.00000000	1212716.00000000	-0.00577021	0.00010000	0.00820961	-40.00000000
21:50:26	707.52100000	291.69567359	100.00000000	0.00000000	-40.00000000	501.06826782	0.02089047	-0.13234940	2.57409725E-5	0.03545143	0.11685835	0.11698462	-0.90302431	0.00014265	0.00000000	8.50000000	0.00000000	1212704.00000000	-0.00577021	0.00010000	0.00820961	-40.00000000
21:50:32	713.76400000	291.79551611	100.00000000	0.00000000	-40.00000000	500.88866888	0.02124533	-0.12932817	1.43793261E-5	0.03958206	0.11826235	0.11829591	-0.90513490	0.00014160	0.00000000	8.50000000	0.00000000	1212704.00000000	-0.00577021	0.00010000	0.00820961	-40.00000000
21:50:39	719.93700000	291.90055281	100.00000000	0.00000000	-40.00000000	500.71054077	0.02117540	-0.12946198	1.11115377E-5	0.04204618	0.11955868	0.11952840	-0.90004911	0.00013229	0.00000000	8.50000000	0.00000000	1212704.00000000	-0.00577021	0.00010000	0.00820961	-40.00000000
21:50:44	725.87500000	292.00053629	100.00000000	0.00000000	-40.00000000	500.53830016	0.02137663	-0.13038938	1.29492577E-5	0.04479652	0.12079511	0.12061229	-0.90563460	0.00014051	0.00000000	8.50000000	0.00000000	1213376.00000000	-0.00577021	0.00010000	0.00820961	-40.00000000
21:50:51	732.09600000	292.50148749	100.00000000	0.00000000	-40.00000000	500.32577515	0.02215445	-0.13145092	1.63715592E-5	0.03358705	0.12676869	0.12699194	-0.89907930	0.00012608	0.00000000	8.50000000	0.00000000	1212712.00000000	-0.00577021	0.00010000	0.00820961	-40.00000000
21:50:57	738.35800000	293.01191532	100.00000000	0.00000000	-40.00000000	499.78602600	0.02276502	-0.13234644	1.28835075E-5	0.04232670	0.13256464	0.13258677	-0.90287966	0.00013160	0.00000000	8.50000000	0.00000000	1212680.00000000	-0.00577021	0.00010000	0.00820961	-40.00000000
21:51:03	744.57700000	293.50081395	100.00000000	0.00000000	-40.00000000	499.95234680	0.02313108	-0.13168368	1.20090289E-5	0.03131774	0.13705519	0.13714510	-0.90529599	0.00013755	0.00000000	8.50000000	0.00000000	1212816.00000000	-0.00577021	0.00010000	0.00820961	-40.00000000
21:51:10	751.09400000	293.99915373	100.00000000	0.00000000	-40.00000000	500.70005798	0.02351800	-0.12949880	3.93160832E-6	0.03644899	0.14144652	0.14155662	-0.90318540	0.00015090	0.00000000	8.50000000	0.00000000	1212688.00000000	-0.00577021	0.00010000	0.00820961	-40.00000000
21:51:16	757.37100000	294.49397866	100.00000000	0.00000000	-40.00000000	500.51623535	0.02376906	-0.13211566	1.09570246E-5	0.03963532	0.14487375	0.14497862	-0.90453657	0.00015254	0.00000000	8.50000000	0.00000000	1212700.00000000	-0.00577021	0.00010000	0.00820961	-40.00000000
21:51:22	763.69900000	295.00356802	100.00000000	0.00000000	-40.00000000	500.33509827	0.02379544	-0.13379426	1.19202660E-5	0.04136475	0.14874825	0.14884372	-0.89737965	0.00014534	0.00000000	8.50000000	0.00000000	1212700.00000000	-0.00577021	0.00010000	0.00820961	-40.00000000
21:51:29	770.10100000	295.49917106	100.00000000	0.00000000	-40.00000000	500.15264893	0.02393194	-0.13532131	7.96209978E-6	0.04132375	0.15238881	0.15241984	-0.90235366	0.00012877	0.00000000	8.50000000	0.00000000	1212696.00000000	-0.00577021	0.00010000	0.00820961	-40.00000000
21:51:35	776.24200000	296.00435639	100.00000000	0.00000000	-40.00000000	500.38595162	0.02420355	-0.13039267	6.22300519E-6	0.03839073	0.15684191	0.15700622	-0.90820215	0.00014051	0.00000000	8.50000000	0.00000000	1212712.00000000	-0.00577021	0.00010000	0.00820961	-40.00000000
21:51:41	782.59200000	296.50334559	100.00000000	0.00000000	-40.00000000	501.17671204	0.02407943	-0.13252265	8.14948806E-6	0.03251653	0.16308628	0.16307819	-0.89932915	0.00014557	0.00000000	8.50000000	0.00000000	1212712.00000000	-0.00577021	0.00010000	0.00820961	-40.00000000
21:51:48	789.10100000	297.00668107	100.00000000	0.00000000	-40.00000000	500.99009705	0.02428559	-0.13511847	6.27231791E-6	0.03701855	0.17061245	0.17083574	-0.90493436	0.00013883	0.00000000	8.50000000	0.00000000	1212704.00000000	-0.00577021	0.00010000	0.00820961	-40.00000000
21:51:54	795.33700000	297.50641056	100.00000000	0.00000000	-40.00000000	500.81440944	0.02450481	-0.13036177	1.74761638E-5	0.04095778	0.17450421	0.17463186	-0.90205121	0.00012914	0.00000000	8.50000000	0.00000000	1212704.00000000	-0.00577021	0.00010000	0.00820961	-40.00000000
21:52:00	801.75300000	297.99447431	100.00000000	0.00000000	-40.00000000	500.62733459	0.02502710	-0.13128589	1.08814118E-5	0.04429448	0.17359712	0.17377816	-0.90796873	0.00013923	0.00000000	8.50000000	0.00000000	1212700.00000000	-0.00577021	0.00010000	0.00820961	-40.00000000
21:52:07	808.66500000	298.50023138	100.00000000	0.00000000	-40.00000000	500.42898560	0.02558242	-0.13523090	1.48494405E-5	0.03720831	0.17567325	0.17569136	-0.90046663	0.00014600	0.00000000	8.50000000	0.00000000	1212684.00000000	-0.00577021	0.00010000	0.00820961	-40.00000000
21:52:14	815.14100000	298.99426785	100.00000000	0.00000000	-40.00000000	500.24504089	0.02614046	-0.13631677	1.64701846E-5	0.04256327	0.18101118	0.18116001	-0.90175533	0.00013039	0.00000000	8.50000000	0.00000000	1212680.00000000	-0.00577021	0.00010000	0.00820961	-40.00000000
21:52:20	821.43600000	299.48994954	100.00000000	0.00000000	-40.00000000	500.06755066	0.02658132	-0.13081282	9.18176730E-6	0.04063653	0.18924657	0.18917004	-0.89779059	0.00012384	0.00000000	8.50000000	0.00000000	1212832.00000000	-0.00577021	0.00010000	0.00820961	-40.00000000
21:52:26	827.82500000	300.00082237	100.00000000	0.00000000	-40.00000000	500.97230530	0.02743109	-0.13110738	2.02442501E-5	0.03903360	0.19581095	0.19581999	-0.90552611	0.00014281	0.00000000	8.50000000	0.00000000	1212720.00000000	-0.00577021	0.00010000	0.00820961	-40.00000000
21:52:33	834.40800000	301.00602869	100.00000000	0.00000000	-40.00000000	501.10197449	0.02835760	-0.13155809	3.10972993E-6	0.04010448	0.19789559	0.19815744	-0.90909635	0.00014853	0.00000000	8.50000000	0.00000000	1212676.00000000	-0.00577021	0.00010000	0.00820961	-40.00000000
21:52:40	840.96900000	301.99332627	100.00000000	0.00000000	-40.00000000	500.91377258	0.02976394	-0.12901553	-3.48173450E-6	0.03745418	0.20483435	0.20504100	-0.91128584	0.00014584	0.00000000	8.50000000	0.00000000	1213196.00000000	-0.00577021	0.00010000	0.00820961	-40.00000000
21:52:48	849.18800000	303.01753597	100.00000000	0.00000000	-40.00000000	500.67893982	0.03132573	-0.13264265	7.36377237E-6	0.04206988	0.21295931	0.21296148	-0.90010500	0.00015465	0.00000000	8.50000000	0.00000000	1212688.00000000	-0.00577021	0.00010000	0.00820961	-40.00000000
21:52:56	857.30900000	304.00146787	100.00000000	0.00000000	-40.00000000	500.44453430	0.03298037	-0.13467827	1.74531511E-5	0.03300115	0.21995589	0.22014519	-0.90673592	0.00015853	0.00000000	8.50000000	0.00000000	1212700.00000000	-0.00500488	0.00010000	0.00779983	-40.00000000
21:53:04	865.52500000	305.01703038	100.00000000	0.00000000	-40.00000000	499.93684387	0.03479075	-0.13523912	-7.80152719E-6	0.04021185	0.22809519	0.22818234	-0.90440507	0.00014498	0.00000000	8.50000000	0.00000000	1212732.00000000	-0.00500488	0.00010000	0.00779983	-40.00000000
21:53:11	872.07800000	305.98871025	100.00000000	0.00000000	-40.00000000	499.80978394	0.03573478	-0.13622636	5.12168820E-6	0.03645317	0.23685003	0.23692966	-0.90048964	0.00014952	0.00000000	8.50000000	0.00000000	1212716.00000000	-0.00500488	0.00010000	0.00779983	-40.00000000
21:53:17	878.76100000	306.99782026	100.00000000	0.00000000	-40.00000000	500.40666199	0.03738761	-0.13398822	-6.55227205E-6	0.03784799	0.24642485	0.24684808	-0.90495080	0.00014242	0.00000000	8.50000000	0.00000000	1212700.00000000	-0.00500488	0.00010000	0.00779983	-40.00000000
21:53:24	885.36500000	307.99936293	100.00000000	0.00000000	-40.00000000	500.79147339	0.03831928	-0.13141575	1.42652309E-6	0.04137425	0.25495749	0.25527727	-0.90296185	0.00012374	0.00000000	8.50000000	0.00000000	1212720.00000000	-0.00500488	0.00010000	0.00779983	-40.00000000
21:53:30	891.80500000	308.99599654	100.00000000	0.00000000	-40.00000000	500.60087615	0.03889056	-0.13149728	4.88827473E-6	0.03814624	0.26129171	0.26165252	-0.89916149	0.00012887	0.00000000	8.50000000	0.00000000	1212732.00000000	-0.00500488	0.00010000	0.00779983	-40.00000000
21:53:37	898.45600000	310.00202043	100.00000000	0.00000000	-40.00000000	500.40861511	0.03984101	-0.13286291	-1.41388853E-6	0.04009386	0.26603793	0.26622988	-0.90546365	0.00012874	0.00000000	8.50000000	0.00000000	1212892.00000000	-0.00500488	0.00010000	0.00779983	-40.00000000
21:53:44	904.92900000	311.00882239	100.00000000	0.00000000	-40.00000000	500.22312927	0.04039437	-0.13503957	1.51255916E-5	0.04585888	0.26940391	0.26968930	-0.89970393	0.00013236	0.00000000	8.50000000	0.00000000	1212736.00000000	-0.00500488	0.00010000	0.00779983	-40.00000000
21:53:50	911.24500000	311.98705706	100.00000000	0.00000000	-40.00000000	500.04576111	0.04050884	-0.13356972	-4.40784590E-7	0.04225757	0.27146992	0.27175429	-0.90410919	0.00012979	0.00000000	8.50000000	0.00000000	1212744.00000000	-0.00500488	0.00010000	0.00779983	-40.00000000
21:53:56	917.54300000	312.99802442	100.00000000	0.00000000	-40.00000000	500.93353271	0.04087270	-0.13209297	-2.72560640E-6	0.03901989	0.27369974	0.27384860	-0.90031540	0.00013371	0.00000000	8.50000000	0.00000000	1212728.00000000	-0.00500488	0.00010000	0.00779983	-40.00000000
21:54:02	923.80100000	313.99778730	100.00000000	0.00000000	-40.00000000	500.82106018	0.04093422	-0.13055113	9.98063307E-6	0.03515644	0.27433739	0.27464819	-0.89916477	0.00011454	0.00000000	8.50000000	0.00000000	1212732.00000000	-0.00500488	0.00010000	0.00779983	-40.00000000
21:54:09	930.16000000	315.00099771	100.00000000	0.00000000	-40.00000000	500.63955688	0.04102395	-0.13042062	3.73764504E-6	0.03404095	0.27593121	0.27617928	-0.90393496	0.00011267	0.00000000	8.50000000	0.00000000	1212732.00000000	-0.00500488	0.00010000	0.00779983	-40.00000000
21:54:15	936.74800000	315.99263273	100.00000000	0.00000000	-40.00000000	500.44955444	0.04141044	-0.13414175	-1.59940107E-5	0.04175977	0.27664920	0.27684625	-0.90096962	0.00012190	0.00000000	8.50000000	0.00000000	1212732.00000000	-0.00500488	0.00010000	0.00779983	-40.00000000
21:54:22	943.43400000	316.99055683	100.00000000	0.00000000	-40.00000000	499.93464661	0.04105379	-0.13069710	-7.79495216E-6	0.03997926	0.27737331	0.27773773	-0.90151863	0.00013193	0.00000000	8.50000000	0.00000000	1212732.00000000	-0.00500488	0.00010000	0.00779983	-40.00000000
21:54:30	951.43900000	317.99483002	100.00000000	0.00000000	-40.00000000	499.65608215	0.04106274	-0.13306509	-1.32555120E-5	0.03887735	0.27568560	0.27599909	-0.90971440	0.00014416	0.00000000	8.50000000	0.00000000	1212740.00000000	-0.00500488	0.00010000	0.00779983	-40.00000000
21:54:38	959.37200000	319.01470284	100.00000000	0.00000000	-40.00000000	500.60917664	0.04041033	-0.12988870	6.34464318E-6	0.03722133	0.27430300	0.27472676	-0.90285336	0.00013782	0.00000000	8.50000000	0.00000000	1212768.00000000	-0.00500488	0.00010000	0.00779983	-40.00000000
21:54:46	967.48200000	319.97643208	100.00000000	0.00000000	-40.00000000	500.37503052	0.04035163	-0.12993341	-9.39268369E-6	0.04284847	0.27054708	0.27059337	-0.90411906	0.00013203	0.00000000	8.50000000	0.00000000	1212800.00000000	-0.00500488	0.00010000	0.00779983	-40.00000000
